0.09
0.97
0.60
0.84
0.39
0.18
0.76
0.82
0.91
0.84
0.02
0.82
0.63
0.75
0.21
0.54
0.29
0.52
0.61
0.55
0.81
0.76
0.16
0.51
0.92
0.94
0.03
0.10
0.23
0.18
0.59
0.05
0.32
0.76
0.75
0.78
0.87
0.99
0.11
0.10
0.14
0.05
0.61
0.03
0.47
0.05
0.14
0.56
0.67
0.28
0.48
0.40
0.68
0.31
0.31
0.43
0.68
0.95
0.60
0.02
0.97
0.38
0.44
0.52
0.80
0.42
0.89
0.12
0.31
0.39
0.10
0.11
0.27
0.32
0.34
0.12
0.76
0.09
0.79
0.18
0.92
0.25
0.44
0.39
0.10
0.72
0.29
0.09
0.35
0.79
0.03
0.31
0.36
0.04
0.27
0.43
0.04
0.56
0.98
0.03
0.62
0.61
0.46
0.65
0.53
0.87
0.08
0.21
0.89
0.62
0.74
0.34
0.81
0.10
0.27
0.92
0.94
0.40
0.32
0.45
0.03
0.42
0.98
0.62
0.76
0.62
0.14
0.95
0.82
0.82
0.42
0.59
0.81
0.16
0.27
0.34
0.36
0.98
0.93
0.90
0.62
0.72
0.84
0.52
0.55
0.49
0.82
0.66
0.85
0.16
0.79
0.64
0.48
0.43
0.85
0.31
0.65
0.84
0.39
0.78
0.82
0.90
0.37
0.56
0.42
0.61
0.65
0.57
0.92
0.39
0.40
0.28
0.23
0.97
0.16
0.25
0.07
0.04
0.83
0.03
0.14
0.68
0.37
0.46
0.32
0.41
0.71
0.88
0.09
0.78
0.78
0.10
0.82
0.97
0.68
0.03
0.00
0.95
0.43
0.70
0.38
0.04
0.57
0.36
0.97
0.92
0.41
0.85
0.37
0.71
0.23
0.55
0.93
0.69
0.60
0.64
0.56
0.61
0.33
0.58
0.22
0.02
0.40
0.73
1.00
0.73
0.50
0.22
0.49
0.14
0.81
0.34
0.70
0.50
0.44
0.72
0.88
0.79
0.26
0.74
0.38
0.57
0.79
0.27
0.01
0.17
0.02
0.99
0.87
0.56
0.44
0.90
0.72
0.76
0.22
0.02
0.31
0.24
0.55
0.07
0.87
0.08
0.66
0.35
0.84
0.47
0.05
0.32
0.25
0.44
0.45
0.15
0.29
0.86
0.59
0.02
0.71
0.39
0.24
0.12
0.46
0.08
0.52
0.56
0.66
0.43
0.44
0.77
0.15
0.47
0.66
0.84
0.85
0.00
0.71
0.60
0.99
0.02
0.90
0.88
0.63
0.21
0.03
0.03
0.70
0.71
0.66
0.23
0.42
0.24
0.07
0.86
0.55
0.07
0.72
0.67
0.21
0.23
0.22
0.41
0.45
0.34
0.31
0.32
0.46
0.51
0.95
0.09
0.35
0.31
0.29
0.91
0.48
0.29
0.04
0.34
0.93
0.11
0.36
0.48
0.16
0.24
0.36
0.08
0.38
0.90
0.75
0.83
0.98
0.14
0.59
0.99
0.85
0.38
0.95
0.74
0.55
0.77
0.06
0.95
0.37
0.08
0.92
0.38
0.92
0.87
0.60
0.82
0.41
0.42
0.31
0.78
0.65
0.37
0.21
0.70
0.64
0.46
0.95
0.26
0.23
0.28
0.56
0.62
0.03
0.58
0.48
0.42
0.48
0.81
0.27
0.84
0.75
0.08
0.68
0.62
0.23
0.58
0.61
0.08
0.99
0.59
0.22
0.08
0.12
0.33
0.08
0.51
0.70
0.13
0.41
0.47
0.81
0.95
0.35
0.85
0.32
0.41
0.55
0.47
0.32
0.13
0.12
0.28
0.21
0.01
0.70
0.11
0.52
0.06
0.56
0.05
0.27
0.52
0.46
0.13
0.55
0.53
0.83
0.50
0.12
0.48
0.54
0.08
0.81
0.58
0.31
0.72
0.79
0.45
0.78
0.33
0.13
0.13
0.03
0.41
0.82
0.15
0.04
0.34
0.06
0.11
0.23
0.47
0.59
0.22
0.31
0.25
0.28
0.47
0.71
0.07
0.97
0.44
0.99
0.76
0.37
0.89
0.16
0.38
0.84
0.82
0.74
0.10
0.48
0.18
0.79
0.85
0.10
0.70
0.57
0.86
0.99
0.84
0.93
0.71
0.75
0.98
0.77
0.35
0.76
0.17
0.98
0.70
0.58
0.27
0.98
0.14
0.41
0.41
0.91
0.88
0.30
0.81
0.62
0.16
0.68
0.36
0.91
0.37
0.47
0.40
0.65
0.48
0.88
0.64
0.18
0.24
0.13
0.27
0.02
0.08
0.33
0.63
0.85
0.26
0.71
0.09
0.85
0.25
0.78
0.06
0.39
0.64
0.48
0.98
0.18
0.59
0.83
0.25
0.44
0.95
0.63
0.16
0.87
0.60
0.25
0.53
0.40
0.96
0.86
0.12
0.60
0.03
0.05
0.50
0.10
0.25
0.13
0.52
0.70
0.52
0.58
0.77
0.10
0.07
0.04
0.14
0.86
0.16
0.08
0.27
0.26
0.12
0.41
0.95
0.06
0.10
0.76
0.02
0.27
0.56
0.55
0.74
0.71
0.51
0.33
0.63
0.99
0.33
0.07
0.53
0.60
0.37
0.10
0.05
0.13
0.37
0.46
0.49
0.52
0.98
0.26
0.45
0.14
0.13
0.33
0.19
0.21
0.63
0.30
0.97
0.31
0.41
0.70
0.08
0.70
0.82
0.97
0.24
0.08
0.56
0.73
0.34
0.34
0.79
0.51
0.97
0.84
0.29
0.99
0.92
0.55
0.74
0.03
0.09
0.39
0.26
0.17
0.29
0.08
0.25
0.81
0.60
0.05
0.21
0.39
0.56
0.80
0.20
0.41
0.72
0.07
0.63
0.31
0.71
0.00
0.40
0.82
0.31
0.43
0.78
0.66
0.88
0.18
0.76
0.24
0.22
0.31
0.12
0.24
0.82
0.86
0.70
0.96
0.63
0.01
0.86
0.50
0.50
0.90
0.25
0.35
0.96
0.59
0.99
0.76
0.89
0.80
0.22
0.11
0.43
0.75
0.28
0.40
0.23
0.64
0.35
0.51
0.33
0.92
0.89
0.31
0.16
0.38
0.38
0.18
0.33
0.20
0.92
0.09
0.91
0.64
0.64
0.87
0.79
0.85
0.34
0.45
0.56
0.79
0.38
0.37
0.07
0.84
0.30
0.94
0.65
0.07
0.15
0.57
0.19
0.91
0.19
0.45
0.83
0.36
0.26
0.27
0.28
0.51
0.27
0.29
0.72
0.87
0.28
0.85
0.59
0.61
0.01
0.45
0.73
0.86
0.69
0.66
0.25
0.27
0.06
0.67
0.65
0.88
0.07
0.67
0.34
0.49
0.41
0.72
0.10
0.01
0.83
0.65
0.71
0.24
0.34
0.32
0.09
0.56
0.09
0.96
0.55
0.05
0.58
0.93
0.34
0.69
0.54
0.65
0.60
0.25
0.81
0.34
0.21
0.13
0.05
0.23
0.66
0.16
0.85
0.13
0.66
0.06
0.90
0.45
0.05
0.44
0.51
0.07
0.89
0.37
0.17
0.45
0.92
0.68
0.62
0.21
0.30
0.76
0.88
0.10
0.57
0.48
0.38
0.16
0.05
0.94
0.22
0.68
0.20
0.68
0.75
0.35
0.57
0.88
0.54
0.08
0.50
0.94
0.47
0.38
0.98
0.84
0.45
0.56
0.08
0.48
0.42
0.35
0.69
0.16
0.66
0.29
0.74
0.42
0.27
0.09
0.01
0.92
0.46
0.49
0.39
0.86
0.96
0.36
0.55
0.88
0.41
0.78
0.83
0.61
0.95
0.39
0.64
0.43
0.89
0.01
0.11
0.48
0.64
0.36
0.92
0.30
0.42
0.62
0.50
0.60
0.41
0.98
0.96
0.46
0.22
0.74
0.02
0.70
0.77
0.31
0.24
0.20
0.20
0.89
0.70
0.94
0.29
0.76
0.32
0.58
0.85
0.75
0.13
0.25
0.53
0.09
0.98
0.22
0.50
0.45
0.63
0.16
0.79
0.55
0.82
0.95
0.55
0.44
1.00
0.66
0.99
0.38
0.37
0.92
0.62
0.79
0.86
0.23
0.80
0.45
0.23
0.34
0.70
0.48
0.70
0.45
0.07
0.71
0.89
0.43
0.93
0.64
0.15
0.49
0.90
0.75
0.69
0.69
0.52
0.09
0.89
0.83
0.28
0.02
0.66
0.97
0.54
0.15
0.04
0.38
0.05
0.33
0.99
0.10
0.03
0.03
0.77
0.38
0.75
0.70
0.19
0.69
0.91
0.01
0.26
0.49
0.05
0.55
0.36
0.20
0.03
0.21
0.68
0.26
0.50
0.82
0.87
0.42
0.41
0.36
0.80
0.83
0.36
0.89
0.10
0.58
0.36
0.85
0.74
0.83
0.16
0.97
0.84
0.08
0.51
0.37
0.57
0.59
0.05
0.89
0.57
0.55
0.84
0.46
0.90
0.85
0.14
0.49
0.39
0.43
0.81
0.26
0.17
0.80
0.67
0.60
0.76
0.18
0.33
0.60
0.02
0.58
0.13
0.43
0.32
0.47
0.12
0.36
0.27
0.09
0.89
0.64
0.29
0.83
0.35
0.31
0.60
0.10
0.65
0.83
0.05
0.34
0.29
0.12
0.26
0.79
0.79
0.31
0.51
0.21
0.62
0.45
0.76
0.37
0.34
0.28
0.27
0.92
0.88
0.45
0.76
0.86
0.82
0.18
0.64
0.71
0.40
0.84
0.35
0.53
0.88
0.09
0.45
0.25
0.89
0.95
0.60
0.74
0.12
0.07
0.83
0.52
0.67
0.90
0.43
0.05
0.94
0.08
0.51
0.64
0.38
0.63
0.17
0.79
0.32
0.37
0.52
0.26
0.37
0.64
0.16
0.82
0.22
0.94
0.46
0.20
0.91
0.28
0.68
0.54
0.90
0.70
0.40
0.66
0.25
0.98
0.78
0.32
0.32
0.54
0.71
0.46
0.22
0.42
0.86
0.66
0.05
0.21
0.97
0.11
0.25
0.19
0.36
0.27
0.60
0.59
0.08
0.50
0.51
0.09
0.43
0.99
0.03
0.67
0.32
0.26
0.05
0.87
0.44
0.35
0.71
0.98
0.19
0.49
0.75
0.77
0.16
0.55
0.63
0.21
0.24
0.85
0.62
0.80
0.74
0.04
0.72
1.00
0.80
0.78
0.37
0.46
0.99
0.11
0.54
0.82
0.42
0.68
0.15
0.32
0.66
0.45
0.48
0.03
0.71
0.56
0.50
0.90
0.47
0.50
0.10
0.35
0.27
0.20
0.76
0.12
0.09
0.13
0.53
0.35
0.83
0.08
0.08
0.95
0.73
0.30
0.75
0.26
0.19
0.02
0.65
0.20
0.00
0.91
0.05
0.69
0.03
0.11
0.24
0.75
0.12
0.03
0.60
0.11
0.05
0.30
0.26
0.78
0.70
0.31
0.91
0.42
0.84
0.19
0.09
0.47
0.55
0.92
0.20
0.61
0.20
0.67
0.43
0.31
0.46
0.52
0.15
0.84
0.89
0.32
0.70
0.49
0.76
0.66
0.75
0.86
0.68
0.82
0.59
0.57
0.43
0.05
0.06
0.64
0.35
0.88
0.84
0.82
0.47
0.86
0.98
0.07
0.67
0.67
0.23
0.82
0.83
0.78
0.72
0.44
0.55
0.86
0.23
0.10
0.81
0.10
0.51
0.13
0.12
0.32
0.93
0.96
0.18
0.58
0.08
0.62
0.87
0.80
0.67
0.48
0.73
0.66
0.88
0.61
0.97
0.05
0.82
0.11
0.30
0.62
0.91
0.88
0.81
0.34
0.30
0.75
0.21
0.41
0.12
0.49
0.72
0.95
0.03
0.66
0.03
0.67
0.76
0.07
0.99
0.33
0.69
0.45
0.92
0.53
0.37
0.02
0.83
0.11
0.89
0.89
0.15
0.70
0.37
0.41
0.71
0.00
0.87
0.06
0.69
0.33
0.71
0.10
0.88
0.82
0.15
0.49
0.15
0.40
0.98
0.37
0.51
0.87
0.33
0.45
0.22
0.45
0.73
0.14
0.55
0.49
0.53
0.69
0.62
0.81
0.84
0.67
0.69
0.73
0.39
0.07
0.05
0.14
0.66
0.26
0.39
0.73
0.76
0.33
0.51
0.74
0.10
0.91
0.79
0.33
0.09
0.61
0.79
0.44
0.27
0.01
0.81
0.70
0.72
0.07
0.51
0.27
0.11
0.42
0.18
0.27
0.20
1.00
0.18
0.77
0.64
0.68
0.46
0.22
1.00
0.63
0.25
0.58
0.41
0.66
0.35
0.32
0.24
0.93
0.34
0.64
0.89
0.49
0.64
0.16
0.81
0.71
0.11
0.61
0.70
0.43
0.83
0.41
0.88
0.14
0.95
0.45
0.40
0.16
0.53
0.70
0.82
0.48
0.34
0.30
0.78
0.57
0.77
0.82
0.37
0.17
0.94
0.92
0.13
0.75
0.74
0.88
0.39
0.75
0.02
0.43
0.76
0.93
0.36
0.79
0.64
0.28
0.16
0.77
0.49
0.76
0.40
0.89
0.22
1.00
0.56
0.85
0.42
0.18
0.61
0.24
0.19
0.49
0.74
0.30
0.04
0.92
0.78
0.49
0.07
0.65
0.71
0.37
0.36
0.00
0.74
0.48
0.55
0.29
0.05
0.60
0.75
0.50
0.13
0.78
0.47
0.97
0.43
0.16
0.36
0.68
0.66
0.01
0.53
0.33
0.45
0.74
0.09
0.62
0.39
0.84
0.35
0.46
0.35
0.03
0.91
0.80
0.02
0.40
0.60
0.49
0.76
0.57
0.91
0.56
0.66
0.35
0.31
0.56
0.51
0.02
0.26
0.19
0.40
0.75
0.77
0.76
0.52
1.00
0.52
0.50
0.13
0.99
0.63
0.62
0.53
0.68
0.27
0.95
0.72
0.55
0.80
0.09
0.98
0.03
0.48
0.81
0.14
0.20
0.59
0.12
0.64
0.23
0.09
0.18
0.28
0.07
0.83
0.15
0.41
0.63
0.07
0.02
0.91
0.07
0.94
0.43
0.74
0.73
0.80
0.20
0.47
0.55
0.03
0.19
0.19
0.55
0.40
0.64
0.62
0.53
0.01
0.88
0.14
0.30
0.82
0.67
0.23
0.19
0.39
0.94
0.16
0.57
0.70
0.63
0.89
0.84
0.54
0.57
0.02
0.26
0.21
0.21
0.54
0.59
0.94
0.55
0.66
0.11
0.57
0.29
0.66
0.51
0.25
0.43
0.10
0.91
0.76
0.75
0.32
0.69
0.04
0.92
0.32
0.49
0.63
0.64
0.80
0.88
0.66
0.28
0.75
0.94
0.42
0.82
0.56
0.02
0.15
0.68
0.68
0.86
0.15
0.94
0.72
0.20
0.02
0.66
0.01
0.49
0.74
0.44
0.18
0.44
0.32
0.32
0.25
0.32
0.33
0.67
0.67
0.13
0.16
0.98
0.73
0.48
0.16
0.62
0.03
0.27
0.29
0.50
0.99
0.26
0.17
0.68
0.73
0.25
0.11
0.22
0.49
0.94
0.37
0.87
0.46
0.16
0.98
0.47
0.13
0.53
0.11
0.49
0.26
0.13
0.70
0.98
0.92
0.55
0.71
0.82
0.68
0.82
0.69
0.06
0.90
0.79
0.56
0.15
0.24
0.70
0.32
0.54
0.66
0.61
0.92
0.94
0.95
0.87
0.37
0.37
0.49
0.71
0.47
0.27
0.47
0.19
0.42
0.27
0.48
0.13
0.72
0.99
0.77
0.35
0.62
0.83
0.43
0.97
0.19
0.99
0.53
0.39
0.70
0.15
0.54
0.19
0.93
0.60
0.63
0.13
0.86
0.14
0.59
0.38
0.50
0.75
0.36
0.27
0.68
0.77
0.18
0.80
0.21
0.17
0.04
0.79
0.84
0.98
0.61
0.61
0.79
0.20
0.91
0.47
0.72
0.62
0.80
0.27
0.01
0.58
0.15
0.71
0.16
0.28
0.03
0.96
0.47
0.01
0.78
0.37
0.78
0.16
0.99
0.18
0.17
0.90
0.48
0.92
0.33
0.44
0.29
0.82
0.31
0.31
0.15
0.37
0.14
0.63
0.89
0.58
0.35
0.50
1.00
0.94
0.95
0.19
0.62
0.93
0.15
0.64
0.14
0.36
0.54
0.84
0.96
0.33
0.46
0.13
0.42
0.43
0.08
0.45
0.97
0.86
0.16
0.75
0.00
0.31
0.81
0.12
0.69
0.40
0.23
0.39
0.26
0.41
0.90
0.94
0.25
0.77
0.57
0.96
0.52
0.79
0.76
0.47
0.88
0.43
0.18
0.64
0.23
0.19
0.44
0.75
0.15
0.88
0.79
0.04
0.84
0.81
0.08
0.96
0.32
0.51
0.86
0.03
0.78
0.57
0.67
0.07
0.92
0.12
0.83
0.23
0.57
0.53
0.45
0.17
0.96
0.21
0.69
0.00
0.52
0.58
0.79
0.38
0.59
0.84
0.00
0.78
0.10
0.56
0.42
0.84
0.32
0.33
0.10
0.79
0.94
0.66
0.45
0.40
0.48
0.42
0.47
0.56
0.70
0.15
0.50
0.35
0.13
0.87
0.19
0.55
0.14
0.33
0.86
0.66
0.56
0.36
0.77
0.70
0.31
0.96
0.64
0.28
0.64
0.96
0.72
0.60
0.58
0.87
0.76
0.02
0.59
0.53
0.32
0.10
0.86
0.52
0.63
0.23
0.89
0.80
0.67
0.77
0.61
0.35
0.49
0.60
0.89
0.14
0.18
0.90
0.34
0.35
0.80
0.13
0.51
0.43
0.05
0.24
0.49
0.20
0.34
0.78
0.71
0.43
0.98
0.51
0.31
0.77
0.96
0.45
0.40
0.16
0.09
0.35
0.86
0.69
0.39
0.27
0.39
0.31
0.20
0.30
0.49
0.30
0.56
0.16
0.96
0.14
0.94
0.63
0.98
0.90
0.56
0.17
0.95
0.88
0.28
0.72
0.45
0.38
0.21
0.40
0.46
0.72
0.37
0.28
0.49
0.70
0.98
0.93
0.56
0.35
0.00
0.64
0.59
0.34
0.77
0.79
0.35
0.43
0.87
0.55
0.57
0.25
0.55
0.39
0.84
0.95
0.52
0.22
0.13
0.02
0.75
0.36
0.49
0.50
0.75
0.02
0.16
0.23
0.24
0.63
0.36
0.92
0.81
0.68
0.21
0.24
0.52
0.89
0.03
0.84
0.09
0.39
0.20
0.53
0.62
0.54
0.74
0.68
0.82
0.22
0.69
0.15
0.40
0.68
0.99
0.13
0.62
0.10
0.69
0.50
0.51
0.78
0.42
0.22
0.27
0.97
0.85
0.27
0.66
0.99
0.17
0.05
0.45
0.51
0.82
0.09
0.27
0.94
0.68
0.56
0.14
0.62
0.80
0.95
0.53
0.74
0.45
0.69
0.42
0.28
0.31
0.04
0.45
0.90
0.80
0.88
0.31
0.79
0.15
0.90
0.83
0.07
0.65
0.97
0.34
0.57
0.07
0.45
0.03
0.80
0.74
0.32
0.68
0.50
0.80
0.48
0.33
0.15
0.47
0.81
0.08
0.04
0.22
0.72
0.89
0.57
0.44
0.68
0.37
0.58
0.26
0.92
0.56
0.91
0.42
0.46
0.32
0.26
0.96
0.40
0.75
0.47
0.80
0.55
0.78
0.57
0.01
0.58
0.54
0.15
0.47
0.07
0.65
0.69
0.02
0.81
0.50
0.34
0.33
0.66
0.26
0.77
0.18
0.85
0.94
0.59
0.03
0.43
0.70
0.08
1.00
0.65
0.34
0.20
0.17
0.65
0.25
0.16
0.78
0.93
0.52
0.80
0.67
0.20
0.60
0.50
0.41
0.76
0.97
0.60
0.07
0.54
0.60
0.06
0.01
0.70
0.61
0.06
0.84
0.97
0.26
0.40
0.44
0.74
0.27
0.36
0.58
0.43
0.30
0.16
0.15
0.60
0.01
0.27
0.46
0.06
0.36
0.72
0.10
0.72
0.00
0.50
0.69
0.18
0.65
0.78
0.67
0.28
0.79
0.61
0.57
0.56
0.12
0.54
0.78
0.94
0.20
0.25
0.86
0.43
0.85
0.06
0.13
0.81
0.26
0.15
0.02
0.57
0.84
0.09
0.01
0.35
0.77
0.19
0.11
0.00
0.33
0.47
0.30
0.63
0.16
0.77
0.64
0.89
0.57
0.89
0.65
0.30
0.47
0.03
0.63
0.31
0.03
0.36
0.28
0.22
0.30
0.56
0.90
0.68
0.94
0.54
0.32
0.57
0.74
0.49
0.37
0.74
0.25
0.87
0.55
0.92
0.94
0.57
0.96
0.25
0.10
0.33
0.87
0.04
0.69
0.09
0.76
0.59
0.35
0.60
0.77
0.03
0.43
0.94
0.07
0.25
0.34
0.72
0.34
0.00
0.80
0.75
0.92
0.87
0.48
0.69
0.14
0.34
0.27
0.80
0.57
0.62
0.96
0.61
0.36
0.34
0.88
0.83
0.53
0.46
0.44
0.05
0.85
0.19
0.74
0.66
0.19
0.45
0.34
0.70
0.63
0.93
0.57
0.83
0.48
0.45
0.03
0.90
0.96
0.37
0.86
0.81
0.62
0.27
0.28
0.43
0.14
0.86
0.70
0.49
0.92
0.97
0.16
0.97
0.34
0.77
0.64
0.27
0.78
0.41
0.30
0.54
0.38
0.34
0.63
0.45
0.41
0.43
0.02
0.36
0.04
0.93
0.00
0.69
0.80
0.88
0.32
0.91
0.34
0.70
0.76
0.37
0.02
0.88
0.64
0.75
0.53
0.64
0.64
0.19
0.87
0.21
0.25
0.70
0.67
0.89
0.30
0.85
0.30
0.09
0.88
0.29
0.87
0.97
0.13
0.80
0.43
0.10
0.72
0.79
0.22
0.61
0.43
0.56
0.44
0.44
0.98
0.21
0.79
0.11
0.95
0.10
0.81
0.29
0.60
0.27
0.95
0.67
0.97
0.20
0.44
0.90
0.15
0.23
0.63
0.19
0.92
0.14
0.24
0.27
0.67
1.00
0.52
0.34
0.30
0.94
0.04
0.58
0.50
0.28
0.77
0.73
0.77
0.09
0.38
0.66
0.22
0.07
0.38
0.48
0.72
0.76
0.73
0.10
0.87
0.43
0.30
0.67
0.51
0.89
0.05
0.42
0.61
0.28
0.58
0.74
0.89
0.49
0.82
0.80
0.34
0.92
0.77
0.69
0.26
0.25
0.76
0.31
0.50
0.77
0.63
0.10
0.90
0.40
0.79
0.08
0.49
0.76
0.10
0.32
0.05
0.75
0.48
0.38
0.19
0.34
0.07
0.73
0.22
0.90
0.30
0.46
0.09
0.14
0.97
0.19
0.34
0.10
0.09
0.51
0.91
0.72
0.65
0.15
0.67
0.27
0.55
0.90
0.39
0.28
0.01
0.83
0.15
0.88
0.88
0.36
0.88
0.64
0.40
0.16
0.40
0.57
0.62
0.46
0.98
0.22
0.81
0.28
0.78
0.18
0.33
0.83
0.55
0.87
0.60
0.13
0.70
0.65
0.45
0.00
0.88
0.14
0.32
0.58
0.89
0.30
0.98
0.25
0.22
0.91
0.36
0.85
0.72
0.91
0.59
0.43
0.07
0.17
0.28
0.55
0.65
0.51
0.32
0.90
0.31
0.51
0.54
0.28
0.37
0.22
0.75
0.12
0.71
0.44
0.64
0.19
0.33
0.53
0.77
0.36
1.00
0.53
0.08
0.71
0.84
0.91
0.94
0.82
0.87
0.58
0.82
0.75
0.06
0.00
0.62
0.32
0.30
0.81
0.86
0.02
0.20
0.26
0.26
0.06
0.28
0.26
0.78
0.19
0.86
0.86
0.87
0.69
0.63
0.43
0.32
0.02
0.48
0.95
0.60
0.89
0.20
0.42
0.07
0.42
0.28
0.02
0.27
0.17
0.65
0.32
0.23
0.19
0.14
0.44
0.36
0.24
0.46
0.29
0.01
0.48
0.29
0.71
0.52
0.96
0.01
0.97
0.78
0.72
0.16
0.63
0.86
0.81
0.56
0.32
0.77
0.88
0.68
0.69
0.80
0.09
0.48
0.36
0.33
0.79
0.18
0.83
0.13
0.22
0.88
0.66
0.35
0.72
0.93
0.90
0.49
0.17
0.99
0.14
0.20
0.58
0.39
0.50
0.71
0.92
0.34
0.25
0.91
0.55
0.49
0.10
0.49
0.04
0.72
0.47
0.87
0.19
0.45
0.43
0.60
0.39
0.52
0.76
0.22
0.69
0.99
0.14
0.16
0.58
0.32
0.97
0.66
0.64
0.06
0.20
0.04
0.08
0.68
0.03
0.64
0.42
0.70
0.68
0.32
0.62
0.67
0.97
0.71
0.60
0.98
0.19
0.09
0.41
0.05
0.21
0.80
0.81
0.43
0.93
0.87
0.87
0.72
0.93
0.84
0.29
0.58
0.40
0.96
0.02
0.57
0.05
0.65
0.61
0.52
0.31
0.51
0.85
0.60
0.10
0.99
0.06
0.15
0.47
0.67
0.05
0.75
0.40
0.63
0.81
0.87
0.70
0.74
0.86
0.61
0.43
0.41
0.86
0.05
0.49
0.22
1.00
0.71
0.96
0.15
0.14
0.85
0.27
0.66
0.13
0.69
0.08
0.08
0.48
0.72
0.13
0.78
0.01
0.28
0.29
0.14
0.74
0.01
0.80
0.68
0.06
0.25
0.98
0.73
0.19
0.60
0.09
0.99
0.64
0.96
0.27
0.56
0.49
0.61
0.10
0.60
0.58
0.59
0.48
0.61
0.11
0.41
0.25
0.49
0.62
0.48
0.03
0.04
0.42
0.24
0.98
0.71
0.74
0.57
0.73
0.86
0.51
0.89
0.09
0.28
0.41
0.15
0.03
0.35
0.55
0.52
0.53
0.49
0.98
0.13
0.25
0.93
0.92
0.64
0.45
0.46
0.36
0.65
0.21
0.63
0.56
0.71
0.20
0.89
0.07
0.01
0.00
0.96
0.99
0.89
0.06
0.25
0.22
0.30
0.57
0.27
0.33
0.23
0.50
0.29
0.53
0.49
0.47
0.91
0.85
0.62
0.33
0.66
0.46
0.09
0.28
0.35
0.11
0.01
0.54
0.55
0.76
0.55
0.32
0.51
0.37
0.99
0.30
0.03
0.10
0.49
0.85
0.57
0.06
0.96
0.05
0.10
0.11
0.09
0.06
0.84
0.62
0.69
0.26
0.36
0.40
0.28
0.16
0.78
0.38
0.61
0.94
0.57
0.90
0.15
0.65
0.77
0.81
0.23
0.48
0.46
0.47
0.22
0.52
0.21
0.14
0.88
0.82
0.85
0.88
0.15
0.56
0.41
0.99
0.02
0.83
0.06
0.87
0.67
0.97
0.18
0.32
0.77
0.72
0.67
0.76
0.91
0.66
0.46
0.26
0.36
0.02
0.81
0.26
0.71
0.04
0.22
0.68
0.50
0.86
0.24
0.52
0.35
0.77
0.21
0.29
0.49
0.81
0.05
0.67
0.42
0.77
0.96
0.24
0.88
0.15
0.03
0.71
0.15
0.51
0.34
0.36
0.40
0.02
0.51
0.84
0.19
0.46
0.45
0.66
0.29
0.58
0.41
0.95
0.17
0.42
0.91
0.51
0.58
0.44
0.54
0.44
0.28
0.45
0.33
0.68
0.04
0.78
0.47
0.91
0.01
0.51
0.38
0.46
0.37
0.65
0.81
0.13
0.65
0.43
0.82
0.68
0.24
0.31
0.05
0.61
0.80
0.28
0.10
0.54
0.92
0.19
0.34
0.86
0.68
0.16
0.18
0.14
0.21
0.58
0.32
0.71
0.09
0.39
0.49
0.85
0.35
0.12
0.44
0.06
0.57
0.64
0.21
0.39
0.33
0.72
0.03
0.97
0.18
0.91
0.98
0.60
0.91
0.32
0.65
0.26
0.69
0.64
0.08
0.72
0.50
0.36
0.17
0.88
0.09
0.16
0.98
0.67
0.86
0.86
0.34
0.62
0.51
0.45
0.89
0.31
0.06
0.38
0.93
0.29
0.88
0.64
0.88
0.94
0.41
0.68
0.05
0.08
0.49
0.40
0.14
0.02
0.91
0.97
0.50
0.41
0.75
0.33
0.33
0.65
0.72
0.61
0.39
0.44
0.08
0.81
0.08
0.59
0.74
0.27
0.23
0.74
0.78
0.95
0.54
0.85
0.39
0.73
0.64
0.31
0.71
0.05
0.08
0.50
0.39
0.39
0.29
0.83
0.93
0.54
0.95
0.00
0.51
0.95
0.73
0.68
0.29
0.91
0.47
0.74
0.94
0.86
0.78
0.61
0.54
0.41
0.07
0.50
0.82
0.98
0.03
0.24
0.26
0.08
0.13
0.41
0.40
0.82
0.80
0.49
0.09
0.66
0.58
0.78
0.00
0.23
0.42
0.85
0.10
0.23
0.77
0.20
0.08
0.24
0.82
0.59
0.87
0.92
0.28
0.93
0.72
0.63
0.66
0.84
0.97
0.43
0.48
0.91
0.54
0.25
0.08
0.39
0.93
0.96
0.86
0.95
0.73
0.86
0.43
0.84
0.11
0.18
0.92
0.27
0.60
0.13
0.83
0.05
0.01
0.53
0.99
0.55
0.55
0.60
0.34
0.49
0.89
0.44
0.66
0.61
0.39
0.29
0.71
0.42
0.88
0.78
0.38
0.65
0.04
0.68
0.09
0.01
0.72
0.23
0.45
0.38
0.54
0.65
0.91
0.05
0.39
0.79
0.03
0.31
0.26
0.06
0.04
0.46
0.86
0.30
0.96
0.18
0.48
0.11
0.73
0.15
0.11
0.91
0.57
0.92
0.89
0.97
0.43
0.87
0.36
0.34
0.42
0.30
0.27
0.02
0.58
0.55
0.32
0.48
0.40
0.69
0.84
0.94
0.64
0.86
0.59
0.60
0.63
0.53
0.35
0.90
0.30
0.29
0.12
0.58
1.00
0.48
0.12
0.85
0.73
0.32
0.39
0.73
0.98
0.71
0.94
0.12
0.95
0.67
0.03
0.41
0.81
0.15
0.48
0.63
0.86
0.07
0.82
0.81
0.99
0.35
0.38
0.00
0.84
0.17
0.97
0.30
0.80
0.66
0.39
0.47
0.59
0.49
0.94
0.67
0.32
0.60
0.35
0.28
0.03
0.58
0.45
0.99
0.02
0.38
0.98
0.80
0.31
0.01
0.82
0.80
0.17
0.86
0.42
0.98
0.04
0.30
0.27
0.15
0.54
0.41
0.82
0.55
0.81
0.58
0.49
0.85
0.63
0.94
0.33
0.53
0.52
0.01
0.48
0.02
0.11
0.55
0.88
0.29
0.04
0.83
0.68
0.86
0.91
0.59
0.38
0.93
0.40
0.06
0.64
0.52
0.15
0.63
0.22
0.36
0.00
0.55
0.32
0.82
0.96
0.21
0.38
0.46
0.28
0.87
0.32
0.14
0.68
0.74
0.94
0.72
0.64
0.20
0.56
0.46
0.18
0.42
0.40
0.07
0.21
0.36
0.38
0.46
0.04
0.50
0.35
0.88
0.45
0.51
0.90
0.49
0.74
0.00
0.57
0.15
0.90
0.66
0.62
0.92
0.28
0.95
0.60
0.47
0.17
0.76
0.60
0.82
0.99
0.40
0.60
0.92
0.18
0.45
0.06
0.48
0.33
0.42
0.08
0.01
0.52
0.00
0.21
0.44
0.89
0.05
0.50
0.68
0.15
0.76
0.26
0.98
0.14
0.21
1.00
0.45
0.47
0.40
0.99
0.20
0.13
0.89
0.59
0.03
0.92
0.13
0.21
0.88
0.17
0.70
0.81
0.88
0.07
0.37
0.78
0.11
0.18
0.82
0.38
0.81
0.68
0.08
0.32
0.42
0.15
0.60
0.15
0.58
0.73
0.34
0.89
0.44
0.17
0.37
0.17
0.92
0.75
0.37
0.38
0.07
0.94
0.46
0.72
0.92
0.50
0.93
0.64
0.04
0.84
0.44
0.00
0.29
0.62
0.23
0.15
0.69
0.08
0.76
0.30
0.75
0.92
0.60
0.70
0.15
0.37
0.32
0.77
0.66
0.03
1.00
0.22
0.47
0.76
0.54
0.84
0.79
0.43
0.01
0.66
0.82
0.48
0.57
0.61
0.35
0.80
0.57
0.62
0.58
0.82
0.71
0.69
0.31
0.19
0.98
0.90
0.79
0.59
0.87
0.88
0.71
0.06
0.09
0.64
0.84
0.18
0.39
0.86
0.87
0.76
0.17
0.84
0.36
0.07
0.16
0.78
0.48
0.38
0.98
0.81
0.09
0.67
0.57
0.70
0.97
0.70
0.00
0.95
0.55
0.84
0.10
0.04
0.35
0.60
0.73
0.18
0.23
0.30
0.85
0.35
0.45
0.67
0.78
0.59
0.75
0.50
0.85
0.62
0.14
0.35
0.35
0.48
0.71
0.98
0.48
0.75
0.79
0.10
0.70
0.47
0.94
0.32
0.18
0.15
0.59
0.52
0.96
0.73
0.36
0.50
0.37
0.61
0.66
0.62
0.39
0.30
0.81
0.47
0.90
0.52
0.99
0.15
0.16
0.72
0.85
0.21
0.09
0.10
0.18
0.55
0.38
0.48
0.72
0.60
0.13
0.53
0.26
0.77
0.48
0.60
0.80
0.08
0.99
0.07
0.98
0.70
0.56
0.65
0.38
0.04
0.56
0.87
0.21
0.89
0.88
0.78
0.27
0.14
0.84
0.69
0.50
0.87
0.19
0.36
0.23
0.69
0.08
0.43
0.59
0.50
0.25
0.45
0.79
0.50
0.09
1.00
0.37
0.97
0.77
0.80
0.81
0.97
0.10
0.81
0.77
0.76
0.03
0.85
0.00
0.66
0.64
0.75
0.93
0.11
0.24
0.20
0.46
0.41
0.75
0.09
0.86
0.74
0.62
0.05
0.94
0.81
0.85
0.84
0.08
0.74
0.58
0.18
0.01
0.67
0.85
0.71
0.87
0.20
0.92
0.76
0.85
0.07
0.82
0.18
0.61
0.43
0.19
0.90
0.65
0.42
0.22
0.81
0.99
0.73
0.85
0.18
0.79
0.86
0.06
0.24
0.92
0.77
0.65
0.23
0.63
0.78
0.50
0.30
0.43
0.82
0.75
0.61
0.16
0.95
0.49
0.86
0.37
0.16
0.36
0.78
0.83
0.79
0.92
0.07
0.36
0.70
0.94
0.65
0.27
0.14
0.05
0.69
0.32
0.33
0.87
0.75
0.99
0.67
0.11
0.18
0.99
0.95
0.71
0.30
0.61
0.78
0.56
0.36
0.32
0.27
1.00
0.42
0.51
0.19
0.49
0.16
0.40
0.06
0.76
0.96
0.84
0.53
0.94
0.58
0.13
0.07
0.51
0.03
0.69
0.80
0.83
0.11
0.07
0.51
0.68
0.23
0.37
0.76
0.01
0.59
0.54
0.62
0.79
0.26
0.28
0.90
0.70
0.61
0.38
0.45
0.04
0.11
0.20
0.60
0.41
0.08
0.22
0.35
0.10
0.45
0.99
0.94
0.14
0.93
0.99
0.89
0.32
0.62
0.29
0.05
0.69
0.20
0.49
0.54
0.12
0.10
0.33
0.90
0.35
0.39
0.51
0.72
0.19
0.49
0.06
0.60
0.68
0.24
0.37
0.06
0.88
0.13
0.11
0.21
0.53
0.67
0.73
0.45
0.75
0.75
0.40
0.12
0.23
0.38
0.64
0.12
0.20
0.26
0.41
0.94
0.08
0.79
0.36
0.22
0.19
0.45
0.08
0.95
0.44
0.31
0.78
0.20
0.56
0.56
0.05
0.18
0.18
0.07
0.21
0.33
0.22
0.49
0.74
0.48
0.52
0.19
0.34
0.10
0.43
0.67
0.96
0.42
0.99
0.38
0.54
0.72
0.91
0.06
0.21
0.98
0.73
0.64
0.35
0.73
0.21
0.43
0.90
0.46
0.26
0.33
0.73
0.35
0.15
0.33
0.59
0.68
0.73
0.83
0.04
0.11
0.90
0.57
0.91
0.71
0.12
0.51
0.05
0.78
0.04
0.22
0.17
0.50
0.93
0.30
0.01
0.91
0.83
0.19
0.77
0.23
0.20
0.26
0.90
0.24
0.55
0.15
0.31
0.98
0.92
0.94
0.65
0.14
0.62
0.13
0.22
0.45
0.60
0.27
0.24
0.83
0.33
0.45
0.64
0.42
0.79
0.09
0.02
0.41
0.70
0.22
0.81
0.83
0.14
0.71
0.53
0.61
0.55
0.15
0.95
0.95
0.08
0.83
0.52
0.74
0.90
0.98
0.32
0.49
0.09
0.86
0.53
0.08
0.90
0.45
0.94
0.13
0.16
0.52
0.63
0.92
0.07
0.15
0.61
0.60
0.33
0.15
0.76
0.01
0.56
0.60
0.01
0.62
0.11
0.22
0.10
0.53
0.77
0.01
0.10
0.57
0.19
1.00
0.39
0.58
0.96
0.44
0.25
0.07
0.28
0.71
0.15
0.72
0.57
0.79
0.01
0.22
0.28
0.17
0.89
0.10
0.22
0.84
0.88
0.10
0.28
0.17
0.07
0.93
0.17
0.82
0.36
0.45
0.16
0.01
0.27
0.48
0.41
0.25
0.68
0.54
0.81
0.46
0.82
0.77
0.28
0.56
0.09
0.47
0.25
0.39
0.81
0.43
0.11
0.03
0.78
0.56
0.68
0.86
0.35
0.74
0.17
0.11
0.14
0.70
0.28
0.41
0.88
0.34
0.98
0.03
0.81
0.07
0.89
0.13
0.39
0.70
0.85
0.21
0.34
0.56
0.75
0.54
0.03
0.66
0.39
0.70
0.34
0.72
0.49
0.06
0.46
0.52
0.41
0.85
0.37
0.85
0.17
0.11
0.82
0.37
0.55
0.04
0.44
0.95
0.94
0.21
0.43
0.00
0.67
0.50
0.41
0.83
0.10
0.73
0.09
0.47
0.85
0.01
0.19
1.00
0.79
0.09
0.27
0.38
0.16
0.42
0.41
0.89
0.24
0.30
0.62
0.88
0.67
0.44
0.28
0.71
0.43
0.57
0.02
0.94
0.76
0.85
0.18
0.56
0.67
0.84
0.91
0.92
0.35
0.48
0.13
0.96
0.68
0.83
0.84
0.61
0.35
0.67
0.03
0.86
0.56
0.70
0.91
0.04
0.40
0.47
0.04
0.07
0.41
0.54
0.29
0.04
0.82
0.98
0.24
0.49
0.39
0.74
0.62
0.21
0.33
0.03
0.83
0.46
0.88
0.49
0.07
0.35
0.50
0.11
0.04
0.41
0.10
0.72
0.57
0.37
0.02
0.93
0.61
0.58
0.66
0.46
0.40
0.01
0.71
0.63
0.93
0.91
0.95
0.71
0.80
0.14
0.43
0.26
0.03
0.01
0.97
0.19
0.73
0.91
0.81
0.98
0.54
0.30
0.37
0.03
0.60
0.29
0.07
0.52
0.40
0.36
0.92
0.74
0.71
0.96
0.17
0.52
0.85
0.82
0.36
0.64
0.84
0.85
0.87
0.13
0.40
0.34
0.60
0.25
0.27
0.24
0.69
0.93
0.21
0.35
0.49
0.91
0.95
0.94
0.80
0.16
0.50
0.59
0.42
0.54
0.43
0.62
0.07
0.07
0.69
0.34
0.72
0.65
0.66
0.97
0.73
0.22
0.69
0.67
0.37
0.24
0.79
0.56
0.58
0.27
0.61
0.30
0.90
0.28
0.74
0.40
0.33
0.06
0.47
0.85
0.20
0.39
0.26
0.23
0.09
0.89
0.47
0.77
0.14
0.12
0.52
0.12
0.26
0.13
0.21
0.44
0.89
0.21
0.45
0.62
0.43
0.39
0.01
0.91
0.08
0.09
0.71
0.07
0.13
0.53
0.13
0.33
0.32
0.95
0.24
0.22
0.54
0.08
0.30
0.41
0.14
0.83
0.93
0.88
0.41
0.97
0.61
0.16
0.96
0.83
0.81
0.59
0.43
0.91
0.38
0.81
0.60
0.64
0.59
0.86
0.14
0.72
0.79
0.90
0.32
0.53
0.08
0.50
0.39
0.63
0.57
0.14
0.09
0.74
0.98
0.01
0.50
0.27
0.59
0.73
0.52
0.45
0.74
0.90
0.42
0.48
0.87
0.26
0.63
0.36
0.35
0.47
0.50
0.44
0.60
0.91
0.94
0.05
0.22
0.60
0.20
0.95
0.75
0.37
0.26
0.01
0.48
0.15
0.53
0.25
0.20
0.63
0.78
0.60
0.70
0.23
0.01
0.18
0.62
0.54
0.79
0.87
0.06
0.35
0.60
0.08
0.64
0.70
0.34
0.43
0.13
0.08
0.82
0.05
0.10
0.37
0.54
0.02
0.24
0.99
0.51
0.36
0.44
0.68
0.31
0.11
0.31
0.93
0.72
0.58
0.24
0.50
0.42
0.81
0.99
0.17
0.75
0.85
0.14
0.29
0.16
0.95
0.92
0.01
0.91
0.70
0.49
0.13
0.04
0.48
0.65
0.07
0.14
0.81
0.30
0.36
0.76
0.20
0.17
0.53
0.69
0.97
0.51
0.55
0.81
0.32
0.01
0.09
0.74
0.29
0.67
0.69
0.18
0.61
0.13
0.20
0.85
0.70
0.47
0.95
0.64
0.09
0.82
0.80
0.07
0.11
0.06
0.10
0.84
0.45
0.24
0.44
0.70
0.16
0.54
0.81
0.39
0.64
0.04
0.60
0.73
0.85
0.43
0.24
0.31
0.50
0.48
0.95
0.56
0.25
0.11
0.49
0.48
0.72
0.67
0.41
0.16
0.80
0.35
0.60
0.09
0.11
0.59
0.92
0.41
0.72
0.25
0.83
0.25
0.30
0.60
0.27
0.73
0.78
0.94
0.88
0.99
0.62
0.83
0.66
0.25
0.55
0.51
0.17
0.78
0.81
0.99
0.82
0.67
0.79
0.01
0.81
0.49
0.21
0.99
0.22
0.57
0.07
0.68
0.13
0.09
0.71
0.52
0.83
0.18
0.01
0.38
0.35
0.93
0.59
0.12
0.44
0.53
0.53
0.58
0.80
0.62
0.22
1.00
0.67
0.22
0.06
0.91
0.61
0.46
0.21
0.28
0.52
0.39
0.06
0.39
0.60
0.59
0.29
0.92
0.56
0.44
0.68
0.78
0.81
0.60
0.41
0.85
0.86
0.97
0.60
0.82
0.84
0.30
0.40
0.28
0.88
0.32
0.01
0.24
0.81
0.54
0.17
0.43
0.60
0.84
0.59
0.82
0.50
0.93
0.46
0.69
0.30
0.64
0.87
0.99
0.46
0.67
0.72
0.81
0.64
0.69
0.41
0.49
0.34
0.80
0.53
0.50
0.46
0.15
0.99
0.90
0.38
0.55
0.34
0.22
0.19
0.97
0.12
0.90
0.33
0.43
0.94
0.79
0.93
0.07
0.27
0.63
0.43
0.28
0.27
0.41
0.37
0.83
0.08
0.81
0.34
0.98
0.26
0.66
0.39
0.28
0.75
0.89
1.00
0.44
0.27
0.98
0.29
0.75
0.82
0.89
0.56
0.60
0.96
0.37
0.82
0.20
0.21
0.15
0.83
0.14
0.11
0.24
0.78
0.22
0.00
0.63
0.18
0.80
0.44
0.38
0.72
0.46
0.32
0.41
0.35
0.88
0.20
0.40
0.29
0.78
0.44
0.76
0.89
0.38
0.92
0.15
0.89
0.80
0.92
0.31
0.08
0.50
0.83
0.97
0.00
0.37
0.71
0.76
0.50
0.31
0.64
0.69
0.01
0.68
0.49
0.37
0.26
0.53
0.08
0.08
0.07
0.84
0.11
0.60
0.86
0.84
0.56
0.87
0.24
0.34
0.82
